   tmp  hrt celsius fem
  96.3   70   35.72   0
  96.7   71   35.94   0
  96.9   74   36.06   0
  97.0   80   36.11   0
  97.1   73   36.17   0
  97.1   75   36.17   0
  97.1   82   36.17   0
  97.2   64   36.22   0
  97.3   69   36.28   0
  97.4   70   36.33   0
  97.4   68   36.33   0
  97.4   72   36.33   0
  97.4   78   36.33   0
  97.5   70   36.39   0
  97.5   75   36.39   0
  97.6   74   36.44   0
  97.6   69   36.44   0
  97.6   73   36.44   0
  97.7   77   36.50   0
  97.8   58   36.56   0
  97.8   73   36.56   0
  97.8   65   36.56   0
  97.8   74   36.56   0
  97.9   76   36.61   0
  97.9   72   36.61   0
  98.0   78   36.67   0
  98.0   71   36.67   0
  98.0   74   36.67   0
  98.0   67   36.67   0
  98.0   64   36.67   0
  98.0   78   36.67   0
  98.1   73   36.72   0
  98.1   67   36.72   0
  98.2   66   36.78   0
  98.2   64   36.78   0
  98.2   71   36.78   0
  98.2   72   36.78   0
  98.3   86   36.83   0
  98.3   72   36.83   0
  98.4   68   36.89   0
  98.4   70   36.89   0
  98.4   82   36.89   0
  98.4   84   36.89   0
  98.5   68   36.94   0
  98.5   71   36.94   0
  98.6   77   37.00   0
  98.6   78   37.00   0
  98.6   83   37.00   0
  98.6   66   37.00   0
  98.6   70   37.00   0
  98.6   82   37.00   0
  98.7   73   37.06   0
  98.7   78   37.06   0
  98.8   78   37.11   0
  98.8   81   37.11   0
  98.8   78   37.11   0
  98.9   80   37.17   0
  99.0   75   37.22   0
  99.0   79   37.22   0
  99.0   81   37.22   0
  99.1   71   37.28   0
  99.2   83   37.33   0
  99.3   63   37.39   0
  99.4   70   37.44   0
  99.5   75   37.50   0
  96.4   69   35.78   1
  96.7   62   35.94   1
  96.8   75   36.00   1
  97.2   66   36.22   1
  97.2   68   36.22   1
  97.4   57   36.33   1
  97.6   61   36.44   1
  97.7   84   36.50   1
  97.7   61   36.50   1
  97.8   77   36.56   1
  97.8   62   36.56   1
  97.8   71   36.56   1
  97.9   68   36.61   1
  97.9   69   36.61   1
  97.9   79   36.61   1
  98.0   76   36.67   1
  98.0   87   36.67   1
  98.0   78   36.67   1
  98.0   73   36.67   1
  98.0   89   36.67   1
  98.1   81   36.72   1
  98.2   73   36.78   1
  98.2   64   36.78   1
  98.2   65   36.78   1
  98.2   73   36.78   1
  98.2   69   36.78   1
  98.2   57   36.78   1
  98.3   79   36.83   1
  98.3   78   36.83   1
  98.3   80   36.83   1
  98.4   79   36.89   1
  98.4   81   36.89   1
  98.4   73   36.89   1
  98.4   74   36.89   1
  98.4   84   36.89   1
  98.5   83   36.94   1
  98.6   82   37.00   1
  98.6   85   37.00   1
  98.6   86   37.00   1
  98.6   77   37.00   1
  98.7   72   37.06   1
  98.7   79   37.06   1
  98.7   59   37.06   1
  98.7   64   37.06   1
  98.7   65   37.06   1
  98.7   82   37.06   1
  98.8   64   37.11   1
  98.8   70   37.11   1
  98.8   83   37.11   1
  98.8   89   37.11   1
  98.8   69   37.11   1
  98.8   73   37.11   1
  98.8   84   37.11   1
  98.9   76   37.17   1
  99.0   79   37.22   1
  99.0   81   37.22   1
  99.1   80   37.28   1
  99.1   74   37.28   1
  99.2   77   37.33   1
  99.2   66   37.33   1
  99.3   68   37.39   1
  99.4   77   37.44   1
  99.9   79   37.72   1
 100.0   78   37.78   1
 100.8   77   38.22   1
