durata   									
15    									
41    									
29    									
33    									
181   								
413   									
14										
58										
37										
100										
65										
9										
169										
447									
184										
36										
201										
118	
90										
10										
60										
186										
61										
49										
14										
24										
56										
20	
79	
84    
44    
59    
29	
118	
25	
156	
310	
76	
26	
44	
23	
62	
74	
57	
48	
29	
502	
12	
70	
21	
29	
386	
59	
27	
55	
320	
56	
104	
220	
239	
47	
246	
176	
182 	
33	
55	
320	
56	
104	
220	
239	
47	
246	
176	
182 	
33	
97	
51	
11	
4	
141	
18	
142	
68	
77	
80	
1	
16	
106	
206	
82	
54	
31	
216	
46	
111	
39	
63	
18	
191	
18	
163	
24	
50	
44	
102	
72	
22	
39	
3	
15	
197	
188	
79	
88	
46	
5	
5	
36	
22	
139	
210	
97	
30	
23	
13	
14	
359	
9	
12	
270	
603	
3	
104	
2	
438	
50	
254	
5	
283	
35	
12	
487	
18	
100	
7	
98	
5	
85	
91	
43	
230	
3	
130	
102	209	14	57	54	32	67	59	134	152	27	14	230	66	61	34
