# 125 years of Twin Cities Monthly and Seasonal Snowfall Totals (inches) 1884 - 2011
# NAs are traces (originally coded as T) see: http://climate.umn.edu/text/historical/mspsnow.txt
Year    Jul  Aug  Sep  Oct  Nov  Dec  Jan  Feb  Mar  Apr  May  Jun  Total
1884   0.0  0.0  0.0  1.1  7.2 14.9  3.5  2.0  3.9  1.4  0.4  0.0   34.4 
1885   0.0  0.0  0.0  0.2  0.5  3.5 14.7  2.8 10.4  0.1  0.0  0.0   32.2   
1886   0.0  0.0  0.0  0.0 19.6  5.7 21.6  6.9  1.7  1.0  0.0  0.0   56.5  
1887   0.0  0.0  0.0  0.2  1.7 15.4  4.5  3.4 11.9  0.2  1.0  0.0   38.3  
1888   0.0  0.0  0.0  0.5  2.1  2.2  2.6  3.9  4.1   NA   0.0  0.0   15.4
1889   0.0  0.0   NA   0.0  4.0  5.5  8.3  4.4  7.5   NA   2.0  0.0   31.7   
1890   0.0  0.0  0.0   NA   4.4  2.3  4.7 12.3  6.2  3.2   NA   0.0   33.1
1891   0.0  0.0  0.0  0.0  8.8  5.8  0.6  7.2  7.3   NA   3.0  0.0   32.7
1892   0.0  0.0  0.0  0.0  3.5  6.3 11.4 17.8  7.1 13.0   NA   0.0   59.1
1893   0.0  0.0  0.0  0.0  8.2 12.4 12.0  0.3 11.2  5.8  0.0  0.0   49.9
1894   0.0  0.0  0.0   NA   0.8  2.7  9.0  3.3  0.4  0.0  0.0  0.0   16.2
1895   0.0  0.0  0.0  0.4  2.6  0.6  5.2  2.2  8.6  7.4  0.0  0.0   27.0
1896   0.0  0.0  0.0   NA   8.8  4.2 13.6 10.3 16.0  0.5  0.0  0.0   53.4
1897   0.0  0.0  0.0  0.0  4.8  1.5  0.6  9.6 12.7  2.1  0.0  0.0   31.3
1898   0.0  0.0  0.0   NA  14.1  1.5  8.0 15.2 23.6   NA   0.0  0.0   62.4
1899   0.0  0.0  0.0  0.1  1.0  1.9  6.1  9.1 16.7  1.5  0.0  0.0   36.4
1900   0.0  0.0  0.0  0.0  7.8  4.3  5.8  4.5 19.1   NA   0.0  0.0   41.5
1901   0.0  0.0  0.0  0.0  3.2  7.2  5.3  4.4  1.5  0.8   NA   0.0   22.4
1902   0.0  0.0  0.0  0.0  2.4 24.0  4.2  2.6  4.1  1.5   NA   0.0   38.8
1903   0.0  0.0  0.0  0.0  2.5  8.3  8.5 13.2  5.8  7.8  0.0  0.0   46.1
1904   0.0  0.0  0.0   NA   0.3  7.4 13.1  9.3  1.0   NA    NA   0.0   31.1
1905   0.0  0.0  0.0  5.5 11.5  1.9 17.7  4.5  4.0   NA   0.1  0.0   45.2
1906   0.0  0.0  0.0   NA   3.0  8.6 12.8 11.6  5.8 13.0  0.8  0.0   55.6
1907   0.0  0.0  0.0  0.0  0.3  7.3  8.0 10.6 14.3 11.7   NA   0.0   52.2
1908   0.0  0.0   NA   0.0  0.3 13.5 12.7 24.2  3.7  8.5  1.8  0.0   64.7
1909   0.0  0.0  0.0   NA  11.0 19.2 14.1  6.1  0.9  4.9  0.0  0.0   56.2
1910   0.0  0.0  0.0  0.1  3.9  4.2 10.1  5.9  4.6  8.7  0.0  0.0   37.5
1911   0.0  0.0  0.0   NA  12.1 14.4  8.4  2.7  4.6  0.5  0.0  0.0   42.7
1912   0.0  0.0  0.0   NA   1.0 13.6  4.5 11.7 11.6  5.0  0.0  0.0   47.4
1913   0.0  0.0  0.0  1.1  0.6   NA   7.7  6.8  2.9  3.4  0.0  0.0   22.5
1914   0.0  0.0  0.0  0.0  0.4  8.4 16.4  6.4 14.3  0.0  2.0  0.0   47.9
1915   0.0  0.0  0.0   NA   5.1  7.6 23.9  7.3  5.6  1.2   NA   0.0   50.7
1916   0.0  0.0   NA   4.3  0.1 13.6 28.8  7.7 29.9  0.5  0.0  0.0   84.9
1917   0.0  0.0  0.0  2.3  0.9  6.2  5.3  4.9 11.2   NA   0.0  0.0   30.8
1918   0.0  0.0  0.0   NA   0.5  4.8  4.6 11.8  1.5  2.2  0.0  0.0   25.4
1919   0.0  0.0  0.0  2.6 11.0  8.0 18.5  5.0 14.3  5.5  0.0  0.0   64.9
1920   0.0  0.0  0.0   NA   1.1  9.4  3.4  5.6  1.0  0.1   NA   0.0   20.6
1921   0.0  0.0  0.0   NA  16.6  3.2  7.0 13.6  1.4  1.5  0.0  0.0   43.3
1922   0.0  0.0  0.0  0.4  0.8  1.7 11.8  4.2 11.8 11.0  0.5  0.0   42.2
1923   0.0  0.0  0.0   NA   1.4  2.7  7.7  5.5 12.6  2.0  0.5  0.0   32.4
1924   0.0  0.0  0.0  0.0  3.2 10.0  5.4  4.2  0.3  0.0  0.1  0.0   23.2
1925   0.0  0.0  0.0  3.3  3.6  3.2  7.9  5.5 10.7  2.8  0.0  0.0   37.0
1926   0.0  0.0  0.0  0.1  4.9 12.3  5.5  2.1  4.1  1.1   NA   0.0   30.1
1927   0.0  0.0   NA   0.0  5.3 22.8  3.2  3.2  5.7 16.9  0.0  0.0   57.1
1928   0.0  0.0   NA   0.0   NA   3.6 18.3 11.7  4.4  9.2  0.2  0.0   47.4
1929   0.0  0.0  0.0  1.9  2.7  5.3 11.0  4.8  1.8  0.0  0.0  0.0   27.5
1930   0.0  0.0  0.0  0.5  4.7  0.7  0.9  7.0  0.4   NA    NA   0.0   14.2
1931   0.0  0.0  0.0  0.0  0.7  3.5 18.7  8.1 13.4  2.2  0.0  0.0   46.6
1932   0.0  0.0  0.0  1.6  0.8 13.7  4.1  8.9  4.7  0.9  0.0  0.0   34.7
1933   0.0  0.0  0.0  0.3  5.7  5.1  6.1  2.1  5.9  0.4  0.0  0.0   25.6
1934   0.0  0.0  0.0   NA   8.5 13.0 14.8  0.8  4.6  6.9  3.0  0.0   51.6
1935   0.0  0.0  0.0   NA   2.6  8.3  9.1 19.7 16.5  2.6  0.0  0.0   58.8
1936   0.0  0.0  0.0  0.1  1.7 11.2 12.2  7.6  8.2  3.6  0.0  0.0   44.6
1937   0.0  0.0  0.0   NA   1.2  5.4  9.3  7.4  6.2   NA    NA   0.0   29.5
1938   0.0  0.0  0.0  1.9  0.5  9.1  7.4 11.9  6.0  4.8  0.0  0.0   41.6
1939   0.0  0.0  0.0  0.6   NA   4.8  5.0  9.1 25.6   NA    NA   0.0   45.1
1940   0.0  0.0  0.0  0.0 26.3 10.6  3.3  5.5  6.8   NA   0.0  0.0   52.5
1941   0.0  0.0  0.0   NA   3.8  8.6  1.7  5.2  4.6   NA   0.0  0.0   23.9
1942   0.0  0.0  1.7  0.3  0.9  7.0 10.1  4.6  9.8   NA    NA   0.0   34.4
1943   0.0  0.0  0.0   NA  10.3   NA   1.0  4.2 11.1  0.3   NA   0.0   26.9
1944   0.0  0.0  0.0  0.0  2.5  1.1  8.2 15.4  0.7  6.0   NA   0.0   33.9
1945   0.0  0.0   NA   0.0  4.5 14.6  4.3 11.9  1.5  0.1  3.0  0.0   39.9
1946   0.0  0.0  0.0   NA   4.1  5.9  7.6  1.9  3.3  2.0  0.2  0.0   25.0
1947   0.0  0.0  0.0  0.0 21.8  6.7  3.5 11.6  5.2  0.3   NA   0.0   49.1
1948   0.0  0.0  0.0   NA   2.5  2.3 12.5  3.4  8.3  9.3  0.0  0.0   38.3
1949   0.0  0.0  0.0   NA   2.7  6.5 17.0  7.9 11.1  6.4  0.0  0.0   51.6
1950   0.0  0.0  0.0  0.0  5.6 25.0  7.1  8.6 40.0  2.6  0.0  0.0   88.9
1951   0.0  0.0  0.0  0.8 10.8 16.5  9.9 15.0 25.4  0.6  0.0  0.0   79.0
1952   0.0  0.0  0.0  0.0 10.1  6.0  6.0 13.4  6.7  0.7  0.0  0.0   42.9
1953   0.0  0.0  0.0  0.0  1.9  5.9  3.6  1.0 10.7  0.2  2.4  0.0   25.7
1954   0.0  0.0  0.0  0.4  6.4  4.0  7.8 11.0  4.3  0.0  0.0  0.0   33.9
1955   0.0  0.0  0.0  2.5  6.0 14.6  4.6  2.4 14.0  1.1  0.0  0.0   45.2
1956   0.0  0.0  0.0  0.0  6.8  2.1  4.9  8.7  7.0  9.6  0.0  0.0   39.1
1957   0.0  0.0  0.0  0.0 10.3  2.2  2.4  1.2  3.5  1.6  0.0  0.0   21.2
1958   0.0  0.0  0.0  0.0  3.3  2.4  1.4  6.3  5.7  0.0  0.0  0.0   19.1
1959   0.0  0.0  0.0  3.7  6.9  3.5  9.5  2.7  5.5  0.0  0.0  0.0   31.8
1960   0.0  0.0  0.0  0.0  2.4  1.7  4.6  8.7 15.1  7.7  0.0  0.0   40.2
1961   0.0  0.0  0.1  0.0  2.5 18.1  5.9 26.5 21.8  6.4  0.0  0.0   81.3
1962   0.0  0.0  0.0    NA  5.6  3.2  5.0  5.4  9.8  5.5  0.0  0.0   34.5
1963   0.0  0.0  0.0  0.0  0.0  7.6  5.0  1.0  9.7  5.6  0.0  0.0   28.9
1964   0.0  0.0  0.0  0.0  4.3  8.1 10.5 11.7 37.1  2.0  0.0  0.0   73.7
1965   0.0  0.0  0.0  0.0  1.6  1.2 11.9  6.8 14.2  0.4  0.0  0.0   36.1
1966   0.0  0.0  0.0  0.2  3.4 12.7 35.3 23.7  2.6  0.2  0.3  0.0   78.4
1967   0.0  0.0  0.0  0.3  0.8  2.4 10.6  2.2  0.8  0.4  0.0  0.0   17.5
1968   0.0  0.0  0.0  0.0  4.9 28.7 21.6  5.3  7.3  0.3  0.0  0.0   68.1
1969   0.0  0.0  0.0  2.4  3.8 33.2  9.8  4.3  8.6  1.3  0.0  0.0   63.4
1970   0.0  0.0  0.0  0.0  6.3  5.5 19.9 13.9  7.0  1.9  0.2  0.0   54.7
1971   0.0  0.0  0.0  0.0 13.2 12.8 12.2  7.6 10.4  8.0  0.0  0.0   64.2
1972   0.0  0.0  0.0  0.0  1.1 15.3 11.6 11.3  0.4  2.0  0.0  0.0   41.7
1973   0.0  0.0  0.0  0.0  0.1 17.9  2.5 15.7  7.7  7.3  0.0  0.0   51.2
1974   0.0  0.0  0.0  0.0  1.2  6.1 27.4  9.0 18.3  2.2  0.0  0.0   64.2
1975   0.0  0.0  0.0  0.0 16.2  5.6 12.8  5.1 13.6  0.0  1.2  0.0   54.5
1976   0.0  0.0  0.0  2.3  1.4  8.3 13.4  1.8 14.6  1.8  0.0  0.0   43.6
1977   0.0  0.0  0.0  3.0 11.7 14.2  6.8  4.6  8.5  1.9  0.0  0.0   50.7
1978   0.0  0.0  0.0  0.0 16.5 15.1 14.2 13.5  8.4  0.7  0.0  0.0   68.4
1979   0.0  0.0  0.0  0.0  7.7  1.7 12.9  8.8 13.7  8.5  0.0  0.0   53.3
1980   0.0  0.0  0.0  0.0  0.9  2.8  4.6 11.0  0.1  1.7  0.0  0.0   21.1
1981   0.0  0.0  0.0  0.9 14.0 10.6 46.4  7.4 10.9  4.8  0.0  0.0   95.0
1982   0.0  0.0  0.0  1.4  3.6 19.3  3.2 10.8 14.3 21.8  0.0  0.0   74.4
1983   0.0  0.0  0.0  0.0 30.4 21.0 10.8  9.3 17.3  9.8  0.0  0.0   98.6
1984   0.0  0.0  0.0  0.3  2.0 16.3 13.1  4.2 36.8   NA   0.0  0.0   72.7
1985   0.0  0.0  0.4  0.0 23.9 13.5 10.3 12.3  8.7  0.4  0.0  0.0   69.5
1986   0.0  0.0  0.0  0.0  4.4  4.2  5.5  1.2  2.1   NA   0.0  0.0   17.4
1987   0.0  0.0  0.0  0.3  4.5  7.5 19.5  4.5  3.7  2.4  0.0  0.0   42.4
1988   0.0  0.0  0.0  0.2 15.8  7.2  6.0 17.3 22.7  0.8  0.1  0.0   70.1
1989   0.0  0.0  0.0  0.0 11.3  7.0  1.1 10.7  3.2  2.2  0.0  0.0   35.5
1990   0.0  0.0  0.0  0.0  5.0 11.7  6.5 14.2  4.4  1.5  0.3  0.0   43.6
1991   0.0  0.0  0.0  8.2 46.9  6.7  5.0  5.9 10.8  0.6  0.0  0.0   84.1
1992   0.0  0.0  0.0  1.3 12.2  9.2 12.0  5.3  6.9  0.5  0.0  0.0   47.4
1993   0.0  0.0  0.0  0.0  7.7  4.5 24.3 12.0  1.7  5.5  0.0  0.0   55.7
1994   0.0  0.0  0.0  0.0  6.2  6.5  4.2  2.1 10.4  0.2  0.0  0.0   29.6
1995   0.0  0.0  0.0  0.7  6.6 16.1 14.5  1.2 14.1  2.3   NA   0.0   55.5
1996   0.0  0.0  0.0   NA  15.3 23.7 14.2  4.0 14.3  0.6   NA   0.0   72.1
1997   0.0  0.0  0.0   NA   8.6  3.3 20.4  1.1 11.6   NA    NA   0.0   45.0
1998   0.0  0.0  0.0  0.0  0.1  3.1 33.1  4.2 16.0   NA   0.0  0.0   56.5
1999   0.0  0.0  0.0   NA   0.7  7.3 18.2  7.7  1.0  1.3  0.0  0.0   36.2
2000   0.0  0.0  0.0   NA   9.8 30.2  9.4 16.5  8.6  1.3   NA   0.0   75.8
2001   0.0  0.0  0.0  0.1  9.4  8.0  9.5  3.1 15.7 20.2  0.0  0.0   66.0
2002   0.0  0.0  0.0  0.6  1.4  3.0  5.1 10.7 13.2  1.0  0.0  0.0   35.0
2003   0.0  0.0  0.0   NA   9.4 16.1 10.7 19.7 10.4   NA   0.0  0.0   66.3
2004   0.0  0.0  0.0   NA   0.5  1.8  8.6  8.0  6.6   NA    NA   0.0   25.5
2005   0.0  0.0  0.0   NA   5.1 14.5  2.3  2.1 20.4  0.0  0.0  0.0   44.4 
2006   0.0  0.0  0.0   NA   0.2  4.3  5.5 12.6 11.0  1.9  0.0  0.0   35.5
2007   0.0  0.0  0.0  0.0  0.4 18.1  2.0  4.8 18.0  1.6  0.0  0.0   44.6
2008   0.0  0.0  0.0   NA   4.3 17.4  8.4 10.9  1.5  2.5  0.0  0.0   45.0
2009   0.0  0.0  0.0  2.8    NA 20.9  3.1 13.9  0.0  0.0  0.0  0.0   40.7
2010   0.0  0.0  0.0  0.0  9.8 33.6 17.0 16.1  8.2  1.9   NA    NA    86.6



